5.008228e+002,2.125000e+003
5.017870e+002,2.129092e+003
5.027513e+002,2.109192e+003
5.037155e+002,2.072023e+003
5.046797e+002,2.040945e+003
5.056440e+002,2.005366e+003
5.066082e+002,1.974410e+003
5.075724e+002,1.949802e+003
5.085367e+002,1.931073e+003
5.095009e+002,1.918620e+003
5.104651e+002,1.912175e+003
5.114294e+002,1.910958e+003
5.123936e+002,1.913157e+003
5.133578e+002,1.916251e+003
5.143221e+002,1.917535e+003
5.152863e+002,1.916583e+003
5.162505e+002,1.913469e+003
5.172148e+002,1.907056e+003
5.181790e+002,1.896133e+003
5.191432e+002,1.879135e+003
5.201075e+002,1.855630e+003
5.210717e+002,1.826558e+003
5.220359e+002,1.791650e+003
5.230002e+002,1.750298e+003
5.239644e+002,1.701081e+003
5.249286e+002,1.641746e+003
5.258929e+002,1.568885e+003
5.268571e+002,1.482071e+003
5.278214e+002,1.383788e+003
5.287856e+002,1.278993e+003
5.297498e+002,1.171584e+003
5.307141e+002,1.064130e+003
5.316783e+002,9.592485e+002
5.326425e+002,8.594550e+002
5.336068e+002,7.660629e+002
5.345710e+002,6.807070e+002
5.355352e+002,6.040009e+002
5.364995e+002,5.362943e+002
5.374637e+002,4.769161e+002
5.384279e+002,4.240051e+002
5.393922e+002,3.758139e+002
5.403564e+002,3.327058e+002
5.413206e+002,2.954571e+002
5.422849e+002,2.636476e+002
5.432491e+002,2.362866e+002
5.442133e+002,2.121164e+002
5.451776e+002,1.906236e+002
5.461418e+002,1.719385e+002
5.471060e+002,1.562731e+002
5.480703e+002,1.448422e+002
5.490345e+002,1.379683e+002
5.499987e+002,1.345528e+002
5.509630e+002,1.323270e+002
5.519272e+002,1.295362e+002
5.528914e+002,1.259102e+002
5.538557e+002,1.219930e+002
5.548199e+002,1.181036e+002
5.557841e+002,1.148060e+002
5.567484e+002,1.125998e+002
5.577126e+002,1.112314e+002
5.586768e+002,1.097190e+002
5.596411e+002,1.078425e+002
5.606053e+002,1.063769e+002
5.615695e+002,1.063546e+002
5.625338e+002,1.081159e+002
5.634980e+002,1.098613e+002
5.644622e+002,1.104437e+002
5.654265e+002,1.088376e+002
5.663907e+002,1.044351e+002
5.673549e+002,9.825829e+001
5.683192e+002,9.352900e+001
5.692834e+002,9.304690e+001
5.702476e+002,9.616545e+001
5.712119e+002,9.932305e+001
5.721761e+002,1.008305e+002
5.731403e+002,1.003204e+002
5.741046e+002,9.835152e+001
5.750688e+002,9.623734e+001
5.760330e+002,9.610996e+001
5.769973e+002,9.908055e+001
5.779615e+002,1.043869e+002
5.789257e+002,1.108806e+002
5.798900e+002,1.179578e+002
5.808542e+002,1.243008e+002
5.818184e+002,1.292693e+002
5.827827e+002,1.337814e+002
5.837469e+002,1.393351e+002
5.847111e+002,1.471683e+002
5.856754e+002,1.581939e+002
5.866396e+002,1.729124e+002
5.876038e+002,1.903907e+002
5.885681e+002,2.073887e+002
5.895323e+002,2.228663e+002
5.904965e+002,2.380435e+002
5.914608e+002,2.549750e+002
5.924250e+002,2.759271e+002
5.933892e+002,3.059161e+002
5.943535e+002,3.467711e+002
5.953177e+002,4.021366e+002
5.962819e+002,4.725804e+002
5.972462e+002,5.545591e+002
5.982104e+002,6.394648e+002
5.991746e+002,7.175281e+002
6.001389e+002,7.806660e+002
6.011031e+002,8.253835e+002
6.020673e+002,8.485620e+002
6.030316e+002,8.528178e+002
6.039958e+002,8.409069e+002
6.049600e+002,8.160260e+002
6.059243e+002,7.820555e+002
6.068885e+002,7.434518e+002
6.078527e+002,7.036359e+002
6.088169e+002,6.651600e+002
6.097811e+002,6.294886e+002
6.107454e+002,5.965864e+002
6.117096e+002,5.656220e+002
6.126738e+002,5.376816e+002
6.136381e+002,5.147471e+002
6.146023e+002,4.965347e+002
6.155665e+002,4.797016e+002
6.165308e+002,4.605734e+002
6.174950e+002,4.389879e+002
6.184592e+002,4.189193e+002
6.194235e+002,4.027023e+002
6.203877e+002,3.905717e+002
6.213519e+002,3.813499e+002
6.223162e+002,3.730745e+002
6.232804e+002,3.639266e+002
6.242446e+002,3.525643e+002
6.252089e+002,3.408157e+002
6.261731e+002,3.324446e+002
6.271373e+002,3.284662e+002
6.281016e+002,3.276346e+002
6.290658e+002,3.283011e+002
6.300300e+002,3.295441e+002
6.309943e+002,3.314364e+002
6.319585e+002,3.335413e+002
6.329227e+002,3.353567e+002
6.338870e+002,3.364914e+002
6.348512e+002,3.373393e+002
6.358154e+002,3.395991e+002
6.367797e+002,3.442249e+002
6.377439e+002,3.510863e+002
6.387081e+002,3.597729e+002
6.396724e+002,3.696686e+002
6.406366e+002,3.795172e+002
6.416008e+002,3.880540e+002
6.425651e+002,3.971737e+002
6.435293e+002,4.094827e+002
6.444935e+002,4.249777e+002
6.454578e+002,4.413388e+002
6.464220e+002,4.559773e+002
6.473862e+002,4.667336e+002
6.483505e+002,4.718310e+002
6.493147e+002,4.710201e+002
6.502789e+002,4.673222e+002
6.512432e+002,4.633424e+002
6.522074e+002,4.600536e+002
6.531716e+002,4.574565e+002
6.541359e+002,4.552576e+002
6.551001e+002,4.521347e+002
6.560643e+002,4.468999e+002
6.570286e+002,4.392333e+002
6.579928e+002,4.294740e+002
6.589570e+002,4.178710e+002
6.599213e+002,4.069445e+002
6.608855e+002,3.991572e+002
6.618497e+002,3.941723e+002
6.628140e+002,3.888152e+002
6.637782e+002,3.803514e+002
6.647424e+002,3.671916e+002
6.657067e+002,3.485848e+002
6.666709e+002,3.253329e+002
6.676351e+002,3.016787e+002
6.685994e+002,2.808455e+002
6.695636e+002,2.628861e+002
6.705278e+002,2.452725e+002
6.714921e+002,2.265834e+002
6.724563e+002,2.074653e+002
6.734205e+002,1.888280e+002
6.743848e+002,1.719287e+002
6.753490e+002,1.581482e+002
6.763132e+002,1.477927e+002
6.772775e+002,1.401972e+002
6.782417e+002,1.336056e+002
6.792059e+002,1.266708e+002
6.801702e+002,1.190482e+002
6.811344e+002,1.105085e+002
6.820986e+002,1.015198e+002
6.830629e+002,9.290623e+001
6.840271e+002,8.576107e+001
6.849913e+002,8.187395e+001
6.859556e+002,8.218316e+001
6.869198e+002,8.610812e+001
6.878840e+002,9.245064e+001
6.888483e+002,9.991494e+001
6.898125e+002,1.072371e+002
6.907767e+002,1.133148e+002
6.917410e+002,1.174556e+002
6.927052e+002,1.195404e+002
6.936694e+002,1.197815e+002
6.946337e+002,1.181500e+002
6.955979e+002,1.150754e+002
6.965621e+002,1.110845e+002
6.975264e+002,1.065889e+002
6.984906e+002,1.021143e+002
6.994548e+002,9.780854e+001
7.004191e+002,9.387131e+001
7.013833e+002,9.103751e+001
7.023475e+002,8.969432e+001
7.033118e+002,9.063683e+001
7.042760e+002,9.514033e+001
7.052402e+002,1.039853e+002
7.062045e+002,1.164225e+002
7.071687e+002,1.308257e+002
7.081329e+002,1.448622e+002
7.090972e+002,1.546921e+002
7.100614e+002,1.568611e+002
7.110256e+002,1.505205e+002
7.119899e+002,1.376086e+002
7.129541e+002,1.210407e+002
7.139183e+002,1.047082e+002
7.148826e+002,9.249074e+001
7.158468e+002,8.629561e+001
7.168110e+002,8.518143e+001
7.177753e+002,8.737717e+001
7.187395e+002,9.111385e+001
7.197037e+002,9.474831e+001
7.206680e+002,9.673870e+001
7.216322e+002,9.661229e+001
7.225964e+002,9.424424e+001
7.235607e+002,8.990688e+001
7.245249e+002,8.426381e+001
7.254891e+002,7.833103e+001
7.264534e+002,7.321062e+001
7.274176e+002,6.982975e+001
7.283818e+002,6.859877e+001
7.293461e+002,6.951563e+001
7.303103e+002,7.226215e+001
7.312745e+002,7.507037e+001
7.322388e+002,7.625428e+001
7.332030e+002,7.610623e+001
7.341672e+002,7.658406e+001
7.351315e+002,7.935991e+001
7.360957e+002,8.273252e+001
7.370599e+002,8.538325e+001
7.380242e+002,8.779277e+001
7.389884e+002,9.056109e+001
7.399526e+002,9.452758e+001
7.409169e+002,1.008309e+002
7.418811e+002,1.108099e+002
7.428453e+002,1.239365e+002
7.438096e+002,1.364530e+002
7.447738e+002,1.468013e+002
7.457380e+002,1.563745e+002
7.467023e+002,1.675100e+002
7.476665e+002,1.817866e+002
7.486307e+002,1.998298e+002
7.495950e+002,2.219942e+002
7.505592e+002,2.479372e+002
7.515234e+002,2.770291e+002
7.524877e+002,3.089284e+002
7.534519e+002,3.428075e+002
7.544161e+002,3.781956e+002
7.553804e+002,4.165218e+002
7.563446e+002,4.591353e+002
7.573088e+002,5.060076e+002
7.582731e+002,5.558704e+002
7.592373e+002,6.069920e+002
7.602015e+002,6.574086e+002
7.611658e+002,7.043311e+002
7.621300e+002,7.467313e+002
7.630942e+002,7.865264e+002
7.640585e+002,8.246865e+002
7.650227e+002,8.595276e+002
7.659869e+002,8.884667e+002
7.669512e+002,9.090109e+002
7.679154e+002,9.190621e+002
7.688796e+002,9.175751e+002
7.698439e+002,9.061139e+002
7.708081e+002,8.880667e+002
7.717723e+002,8.656683e+002
7.727366e+002,8.391193e+002
7.737008e+002,8.086353e+002
7.746650e+002,7.741968e+002
7.756293e+002,7.357125e+002
7.765935e+002,6.938995e+002
7.775577e+002,6.494955e+002
7.785220e+002,6.040921e+002
7.794862e+002,5.597934e+002
7.804504e+002,5.186510e+002
7.814147e+002,4.822510e+002
7.823789e+002,4.500617e+002
7.833431e+002,4.213712e+002
7.843074e+002,3.959261e+002
7.852716e+002,3.725166e+002
7.862358e+002,3.504872e+002
7.872001e+002,3.297029e+002
7.881643e+002,3.104300e+002
7.891285e+002,2.931174e+002
7.900928e+002,2.771729e+002
7.910570e+002,2.626688e+002
7.920212e+002,2.502460e+002
7.929855e+002,2.403214e+002
7.939497e+002,2.322480e+002
7.949139e+002,2.244142e+002
7.958782e+002,2.165766e+002
7.968424e+002,2.104893e+002
7.978066e+002,2.077691e+002
7.987709e+002,2.082363e+002
7.997351e+002,2.100979e+002
8.006993e+002,2.123001e+002
8.016636e+002,2.147975e+002
8.026278e+002,2.175023e+002
8.035920e+002,2.206327e+002
8.045563e+002,2.244995e+002
8.055205e+002,2.289042e+002
8.064847e+002,2.320444e+002
8.074490e+002,2.319219e+002
8.084132e+002,2.288832e+002
8.093774e+002,2.249412e+002
8.103417e+002,2.215055e+002
8.113059e+002,2.173189e+002
8.122701e+002,2.113236e+002
8.132344e+002,2.035355e+002
8.141986e+002,1.941005e+002
8.151628e+002,1.835454e+002
8.161271e+002,1.729758e+002
8.170913e+002,1.634262e+002
8.180555e+002,1.551182e+002
8.190198e+002,1.466157e+002
8.199840e+002,1.372413e+002
8.209482e+002,1.264608e+002
8.219125e+002,1.138201e+002
8.228767e+002,1.013377e+002
8.238409e+002,9.198500e+001
8.248052e+002,8.628934e+001
8.257694e+002,8.234769e+001
8.267336e+002,7.795932e+001
8.276979e+002,7.230274e+001
8.286621e+002,6.554250e+001
8.296263e+002,5.786462e+001
8.305906e+002,5.143100e+001
8.315548e+002,4.813249e+001
8.325190e+002,4.714278e+001
8.334833e+002,4.617317e+001
8.344475e+002,4.366315e+001
8.354117e+002,3.984692e+001
8.363760e+002,3.589614e+001
8.373402e+002,3.254068e+001
8.383044e+002,3.041858e+001
8.392687e+002,2.982627e+001
8.402329e+002,3.000456e+001
8.411971e+002,3.024430e+001
8.421614e+002,3.069670e+001
8.431256e+002,3.148904e+001
8.440898e+002,3.255806e+001
8.450541e+002,3.221496e+001
8.460183e+002,2.984231e+001
8.469825e+002,2.608447e+001
8.479468e+002,2.115580e+001
8.489110e+002,1.603630e+001
8.498752e+002,1.295978e+001
8.508395e+002,1.361236e+001
8.518037e+002,1.685078e+001
8.527679e+002,1.930436e+001
8.537322e+002,1.990228e+001
8.546964e+002,1.947896e+001
8.556606e+002,1.872478e+001
8.566249e+002,1.814069e+001
8.575891e+002,1.835873e+001
8.585533e+002,1.953656e+001
8.595176e+002,2.057346e+001
8.604818e+002,2.079167e+001
8.614460e+002,2.049203e+001
8.624103e+002,2.034686e+001
8.633745e+002,2.022874e+001
8.643387e+002,1.930937e+001
8.653030e+002,1.728386e+001
8.662672e+002,1.460428e+001
8.672314e+002,1.202022e+001
8.681957e+002,1.015581e+001
8.691599e+002,9.514717e+000
8.701241e+002,1.031016e+001
8.710884e+002,1.205350e+001
8.720526e+002,1.390854e+001
8.730168e+002,1.527126e+001
8.739811e+002,1.561024e+001
8.749453e+002,1.485610e+001
8.759095e+002,1.284391e+001
8.768738e+002,9.702359e+000
8.778380e+002,6.517700e+000
8.788022e+002,5.301963e+000
8.797665e+002,6.955425e+000
8.807307e+002,1.059332e+001
8.816949e+002,1.475352e+001
8.826592e+002,1.749340e+001
8.836234e+002,1.668118e+001
8.845876e+002,1.158415e+001
8.855519e+002,5.303162e+000
8.865161e+002,8.831005e-001
8.874803e+002,0.000000e+000
8.884446e+002,2.967151e+000
8.894088e+002,9.160637e+000
8.903730e+002,1.544827e+001
8.913373e+002,1.906524e+001
8.923015e+002,1.928779e+001
8.932657e+002,1.799566e+001
8.942300e+002,1.626333e+001
8.951942e+002,1.555442e+001
8.961584e+002,1.696969e+001
8.971227e+002,2.029073e+001
8.980869e+002,2.396388e+001
8.990511e+002,2.791496e+001
9.000154e+002,3.292554e+001
9.009796e+002,3.922273e+001
9.019438e+002,4.571631e+001
9.029081e+002,5.131587e+001
9.038723e+002,5.467826e+001
9.048365e+002,5.431272e+001
9.058008e+002,4.986959e+001
9.067650e+002,4.323989e+001
9.077292e+002,3.696352e+001
9.086935e+002,3.227344e+001
9.096577e+002,2.879148e+001
9.106219e+002,2.628707e+001
9.115862e+002,2.436370e+001
9.125504e+002,2.259122e+001
9.135146e+002,2.087641e+001
9.144789e+002,1.968662e+001
9.154431e+002,1.919556e+001
9.164073e+002,1.869986e+001
9.173716e+002,1.752557e+001
9.183358e+002,1.661995e+001
9.193000e+002,1.805658e+001
9.202643e+002,2.151922e+001
9.212285e+002,2.407575e+001
9.221927e+002,2.362915e+001
9.231570e+002,2.001977e+001
9.241212e+002,1.422053e+001
9.250854e+002,7.626026e+000
9.260497e+002,2.934194e+000
9.270139e+002,2.426188e+000
9.279781e+002,4.784000e+000
9.289424e+002,6.805371e+000
9.299066e+002,7.221811e+000
9.308708e+002,7.019825e+000
9.318351e+002,7.287705e+000
9.327993e+002,8.435523e+000
9.337635e+002,1.062928e+001
9.347277e+002,1.325596e+001
9.356920e+002,1.475348e+001
9.366562e+002,1.433046e+001
9.376204e+002,1.309840e+001
9.385847e+002,1.248060e+001
9.395489e+002,1.265135e+001
9.405131e+002,1.312732e+001
9.414774e+002,1.360684e+001
9.424416e+002,1.412243e+001
9.434058e+002,1.425235e+001
9.443701e+002,1.421265e+001
9.453343e+002,1.497354e+001
9.462985e+002,1.681678e+001
9.472628e+002,1.920579e+001
9.482270e+002,2.133526e+001
9.491912e+002,2.318982e+001
9.501555e+002,2.536823e+001
9.511197e+002,2.774405e+001
9.520839e+002,2.944222e+001
9.530482e+002,2.993595e+001
9.540124e+002,3.067824e+001
9.549766e+002,3.302597e+001
9.559409e+002,3.647057e+001
9.569051e+002,3.949751e+001
9.578693e+002,4.113005e+001
9.588336e+002,4.371579e+001
9.597978e+002,4.842249e+001
9.607620e+002,5.495375e+001
9.617263e+002,6.372109e+001
9.626905e+002,7.455701e+001
9.636547e+002,8.724586e+001
9.646190e+002,1.002656e+002
9.655832e+002,1.127585e+002
9.665474e+002,1.266100e+002
9.675117e+002,1.415802e+002
9.684759e+002,1.556477e+002
9.694401e+002,1.669912e+002
9.704044e+002,1.743912e+002
9.713686e+002,1.787808e+002
9.723328e+002,1.803964e+002
9.732971e+002,1.794142e+002
9.742613e+002,1.764391e+002
9.752255e+002,1.720925e+002
9.761898e+002,1.672156e+002
9.771540e+002,1.627174e+002
9.781182e+002,1.587652e+002
9.790825e+002,1.556791e+002
9.800467e+002,1.533640e+002
9.810109e+002,1.518780e+002
9.819752e+002,1.511996e+002
9.829394e+002,1.510236e+002
9.839036e+002,1.516665e+002
9.848679e+002,1.541399e+002
9.858321e+002,1.592470e+002
9.867963e+002,1.668573e+002
9.877606e+002,1.762028e+002
9.887248e+002,1.871755e+002
9.896890e+002,1.997522e+002
9.906533e+002,2.137604e+002
9.916175e+002,2.278580e+002
9.925817e+002,2.409673e+002
9.935460e+002,2.546547e+002
9.945102e+002,2.705578e+002
9.954744e+002,2.886287e+002
9.964387e+002,3.065679e+002
9.974029e+002,3.225830e+002
9.983671e+002,3.367705e+002
9.993314e+002,3.485396e+002
1.000296e+003,3.576043e+002
1.001260e+003,3.659109e+002
1.002224e+003,3.750046e+002
1.003188e+003,3.866323e+002
1.004153e+003,4.000164e+002
1.005117e+003,4.141953e+002
1.006081e+003,4.291314e+002
1.007045e+003,4.442739e+002
1.008009e+003,4.615958e+002
1.008974e+003,4.813833e+002
1.009938e+003,4.976984e+002
1.010902e+003,5.061851e+002
1.011866e+003,5.044968e+002
1.012831e+003,4.926375e+002
1.013795e+003,4.723282e+002
1.014759e+003,4.445642e+002
1.015723e+003,4.149587e+002
1.016688e+003,3.886818e+002
1.017652e+003,3.658060e+002
1.018616e+003,3.461552e+002
1.019580e+003,3.304948e+002
1.020544e+003,3.201612e+002
1.021509e+003,3.139221e+002
1.022473e+003,3.067841e+002
1.023437e+003,2.961855e+002
1.024401e+003,2.840417e+002
1.025366e+003,2.729486e+002
1.026330e+003,2.627888e+002
1.027294e+003,2.526978e+002
1.028258e+003,2.422221e+002
1.029223e+003,2.306003e+002
1.030187e+003,2.175419e+002
1.031151e+003,2.032392e+002
1.032115e+003,1.891656e+002
1.033080e+003,1.764834e+002
1.034044e+003,1.650788e+002
1.035008e+003,1.548495e+002
1.035972e+003,1.455632e+002
1.036937e+003,1.372491e+002
1.037901e+003,1.295179e+002
1.038865e+003,1.214698e+002
1.039829e+003,1.130136e+002
1.040793e+003,1.053902e+002
1.041758e+003,9.959334e+001
1.042722e+003,9.483676e+001
1.043686e+003,9.003487e+001
1.044650e+003,8.534210e+001
1.045615e+003,8.127460e+001
1.046579e+003,7.771825e+001
1.047543e+003,7.511634e+001
1.048507e+003,7.424593e+001
1.049471e+003,7.191142e+001
1.050436e+003,6.371511e+001
1.051400e+003,4.935191e+001
1.052364e+003,3.546331e+001
1.053328e+003,2.687882e+001
1.054293e+003,2.449424e+001
1.055257e+003,2.823723e+001
1.056221e+003,3.658619e+001
1.057185e+003,4.450079e+001
1.058150e+003,4.800266e+001
1.059114e+003,4.690961e+001
1.060078e+003,4.544544e+001
1.061042e+003,4.492886e+001
1.062007e+003,4.507327e+001
1.062971e+003,4.554444e+001
1.063935e+003,4.545641e+001
1.064899e+003,4.450767e+001
1.065864e+003,4.278978e+001
1.066828e+003,4.030819e+001
1.067792e+003,3.747662e+001
1.068756e+003,3.529945e+001
1.069720e+003,3.433070e+001
1.070685e+003,3.376405e+001
1.071649e+003,3.233923e+001
1.072613e+003,3.022558e+001
1.073577e+003,2.836244e+001
1.074542e+003,2.716659e+001
1.075506e+003,2.635533e+001
1.076470e+003,2.600931e+001
1.077434e+003,2.644475e+001
1.078398e+003,2.757973e+001
1.079363e+003,2.857283e+001
1.080327e+003,2.823263e+001
1.081291e+003,2.663017e+001
1.082255e+003,2.422599e+001
1.083220e+003,2.121186e+001
1.084184e+003,1.834539e+001
1.085148e+003,1.695276e+001
1.086112e+003,1.715565e+001
1.087077e+003,1.704461e+001
1.088041e+003,1.506424e+001
1.089005e+003,1.224762e+001
1.089969e+003,1.035834e+001
1.090934e+003,9.909203e+000
1.091898e+003,1.070912e+001
1.092862e+003,1.225318e+001
1.093826e+003,1.317071e+001
1.094791e+003,1.216620e+001
1.095755e+003,9.603844e+000
1.096719e+003,6.911160e+000
1.097683e+003,5.282959e+000
1.098647e+003,4.951152e+000
1.099612e+003,5.681453e+000
1.100576e+003,6.594727e+000
1.101540e+003,6.643934e+000
1.102504e+003,6.576649e+000
1.103469e+003,7.609975e+000
1.104433e+003,9.776035e+000
1.105397e+003,1.215008e+001
1.106361e+003,1.418257e+001
1.107325e+003,1.445103e+001
1.108290e+003,1.166658e+001
1.109254e+003,6.825175e+000
1.110218e+003,3.119738e+000
1.111182e+003,2.562566e+000
1.112147e+003,5.809702e+000
1.113111e+003,1.218913e+001
1.114075e+003,1.888715e+001
1.115039e+003,2.249629e+001
1.116004e+003,2.175948e+001
1.116968e+003,1.826305e+001
1.117932e+003,1.394672e+001
1.118896e+003,1.029372e+001
1.119860e+003,8.982538e+000
1.120825e+003,1.121355e+001
1.121789e+003,1.603188e+001
1.122753e+003,2.210728e+001
1.123717e+003,2.741370e+001
1.124682e+003,3.100981e+001
1.125646e+003,3.241191e+001
1.126610e+003,3.155515e+001
1.127574e+003,2.898705e+001
1.128539e+003,2.627369e+001
1.129503e+003,2.460545e+001
1.130467e+003,2.359054e+001
1.131431e+003,2.194061e+001
1.132396e+003,1.974312e+001
1.133360e+003,1.758654e+001
1.134324e+003,1.623605e+001
1.135288e+003,1.645943e+001
1.136252e+003,1.855562e+001
1.137217e+003,2.203590e+001
1.138181e+003,2.595771e+001
1.139145e+003,2.897105e+001
1.140109e+003,3.005013e+001
1.141074e+003,2.914371e+001
1.142038e+003,2.701508e+001
1.143002e+003,2.479050e+001
1.143966e+003,2.404940e+001
1.144931e+003,2.603324e+001
1.145895e+003,3.001372e+001
1.146859e+003,3.388539e+001
1.147823e+003,3.636867e+001
1.148787e+003,3.770771e+001
1.149752e+003,3.841323e+001
1.150716e+003,3.805870e+001
1.151680e+003,3.714520e+001
1.152644e+003,3.622232e+001
1.153609e+003,3.475798e+001
1.154573e+003,3.249630e+001
1.155537e+003,3.051524e+001
1.156501e+003,3.009290e+001
1.157466e+003,3.139501e+001
1.158430e+003,3.316735e+001
1.159394e+003,3.475900e+001
1.160358e+003,3.602052e+001
1.161323e+003,3.695848e+001
1.162287e+003,3.794001e+001
1.163251e+003,3.949405e+001
1.164215e+003,4.132871e+001
1.165179e+003,4.268226e+001
1.166144e+003,4.313419e+001
1.167108e+003,4.257595e+001
1.168072e+003,4.130432e+001
1.169036e+003,4.016541e+001
1.170001e+003,4.014953e+001
1.170965e+003,4.090944e+001
1.171929e+003,4.126798e+001
1.172893e+003,4.042635e+001
1.173858e+003,3.814405e+001
1.174822e+003,3.486044e+001
1.175786e+003,3.223672e+001
1.176750e+003,3.242553e+001
1.177714e+003,3.587355e+001
1.178679e+003,4.150168e+001
1.179643e+003,4.859308e+001
1.180607e+003,5.730495e+001
1.181571e+003,6.718065e+001
1.182536e+003,7.998683e+001
1.183500e+003,9.707066e+001
1.184464e+003,1.168264e+002
1.185428e+003,1.352888e+002
1.186393e+003,1.491837e+002
1.187357e+003,1.581029e+002
1.188321e+003,1.623343e+002
1.189285e+003,1.591700e+002
1.190250e+003,1.491532e+002
1.191214e+003,1.346232e+002
1.192178e+003,1.185097e+002
1.193142e+003,1.026153e+002
1.194106e+003,8.759207e+001
1.195071e+003,7.543034e+001
1.196035e+003,6.726123e+001
1.196999e+003,6.088007e+001
1.197963e+003,5.456219e+001
1.198928e+003,4.809290e+001
1.199892e+003,4.280790e+001
1.200856e+003,3.859670e+001
1.201820e+003,3.405799e+001
1.202785e+003,2.891681e+001
1.203749e+003,2.406621e+001
1.204713e+003,2.055546e+001
1.205677e+003,1.830281e+001
1.206641e+003,1.685440e+001
1.207606e+003,1.678124e+001
1.208570e+003,1.859431e+001
1.209534e+003,2.167884e+001
1.210498e+003,2.495771e+001
1.211463e+003,2.746524e+001
1.212427e+003,2.871172e+001
1.213391e+003,2.850473e+001
1.214355e+003,2.808309e+001
1.215320e+003,2.868801e+001
1.216284e+003,2.993940e+001
1.217248e+003,3.065292e+001
1.218212e+003,3.065447e+001
1.219177e+003,3.091776e+001
1.220141e+003,3.171347e+001
1.221105e+003,3.250963e+001
1.222069e+003,3.371428e+001
1.223033e+003,3.500500e+001
1.223998e+003,3.503706e+001
1.224962e+003,3.387487e+001
1.225926e+003,3.357044e+001
1.226890e+003,3.584083e+001
1.227855e+003,4.003695e+001
1.228819e+003,4.458126e+001
1.229783e+003,4.874117e+001
1.230747e+003,5.205094e+001
1.231712e+003,5.431889e+001
1.232676e+003,5.647913e+001
1.233640e+003,5.992945e+001
1.234604e+003,6.494485e+001
1.235568e+003,7.093468e+001
1.236533e+003,7.714229e+001
1.237497e+003,8.323370e+001
1.238461e+003,8.907505e+001
1.239425e+003,9.469498e+001
1.240390e+003,1.001000e+002
1.241354e+003,1.051169e+002
1.242318e+003,1.099009e+002
1.243282e+003,1.146834e+002
1.244247e+003,1.193599e+002
1.245211e+003,1.239382e+002
1.246175e+003,1.289254e+002
1.247139e+003,1.341842e+002
1.248104e+003,1.385964e+002
1.249068e+003,1.409853e+002
1.250032e+003,1.408534e+002
1.250996e+003,1.381058e+002
1.251960e+003,1.341981e+002
1.252925e+003,1.315226e+002
1.253889e+003,1.308679e+002
1.254853e+003,1.299616e+002
1.255817e+003,1.261527e+002
1.256782e+003,1.198155e+002
1.257746e+003,1.119696e+002
1.258710e+003,1.031484e+002
1.259674e+003,9.491800e+001
1.260639e+003,8.894260e+001
1.261603e+003,8.478112e+001
1.262567e+003,8.037601e+001
1.263531e+003,7.535911e+001
1.264495e+003,7.146846e+001
1.265460e+003,6.874919e+001
1.266424e+003,6.536001e+001
1.267388e+003,6.070202e+001
1.268352e+003,5.636706e+001
1.269317e+003,5.320281e+001
1.270281e+003,5.052578e+001
1.271245e+003,4.777598e+001
1.272209e+003,4.510787e+001
1.273174e+003,4.233578e+001
1.274138e+003,3.826659e+001
1.275102e+003,3.302323e+001
1.276066e+003,2.817870e+001
1.277031e+003,2.542693e+001
1.277995e+003,2.475539e+001
1.278959e+003,2.568593e+001
1.279923e+003,2.857232e+001
1.280887e+003,3.300937e+001
1.281852e+003,3.658183e+001
1.282816e+003,3.728228e+001
1.283780e+003,3.518647e+001
1.284744e+003,3.218224e+001
1.285709e+003,2.955645e+001
1.286673e+003,2.823026e+001
1.287637e+003,2.838500e+001
1.288601e+003,2.885365e+001
1.289566e+003,2.834849e+001
1.290530e+003,2.695671e+001
1.291494e+003,2.555596e+001
1.292458e+003,2.446830e+001
1.293422e+003,2.372537e+001
1.294387e+003,2.416918e+001
1.295351e+003,2.642577e+001
1.296315e+003,2.956250e+001
1.297279e+003,3.105186e+001
1.298244e+003,2.919536e+001
1.299208e+003,2.615484e+001
1.300172e+003,2.361845e+001
1.301136e+003,2.207361e+001
1.302101e+003,2.223470e+001
1.303065e+003,2.451632e+001
1.304029e+003,2.724268e+001
1.304993e+003,2.739875e+001
1.305958e+003,2.419426e+001
1.306922e+003,2.049317e+001
1.307886e+003,1.788535e+001
1.308850e+003,1.673475e+001
1.309814e+003,1.678907e+001
1.310779e+003,1.766141e+001
1.311743e+003,1.856543e+001
1.312707e+003,1.904083e+001
1.313671e+003,1.912296e+001
1.314636e+003,1.812875e+001
1.315600e+003,1.552769e+001
1.316564e+003,1.254092e+001
1.317528e+003,1.126745e+001
1.318493e+003,1.261923e+001
1.319457e+003,1.425464e+001
1.320421e+003,1.491397e+001
1.321385e+003,1.501872e+001
1.322349e+003,1.440065e+001
1.323314e+003,1.273837e+001
1.324278e+003,1.103395e+001
1.325242e+003,1.105518e+001
1.326206e+003,1.310791e+001
1.327171e+003,1.486736e+001
1.328135e+003,1.558286e+001
1.329099e+003,1.559382e+001
1.330063e+003,1.650575e+001
1.331028e+003,1.918538e+001
1.331992e+003,2.278829e+001
1.332956e+003,2.601844e+001
1.333920e+003,2.825314e+001
1.334885e+003,2.953507e+001
1.335849e+003,2.948910e+001
1.336813e+003,2.791392e+001
1.337777e+003,2.631321e+001
1.338741e+003,2.621770e+001
1.339706e+003,2.803274e+001
1.340670e+003,3.066304e+001
1.341634e+003,3.305949e+001
1.342598e+003,3.492087e+001
1.343563e+003,3.562804e+001
1.344527e+003,3.465648e+001
1.345491e+003,3.195437e+001
1.346455e+003,2.831671e+001
1.347420e+003,2.569808e+001
1.348384e+003,2.563544e+001
1.349348e+003,2.860819e+001
1.350312e+003,3.253759e+001
1.351276e+003,3.593020e+001
1.352241e+003,3.899663e+001
1.353205e+003,4.211052e+001
1.354169e+003,4.474968e+001
1.355133e+003,4.639706e+001
1.356098e+003,4.812444e+001
1.357062e+003,5.111479e+001
1.358026e+003,5.415542e+001
1.358990e+003,5.683954e+001
1.359955e+003,6.005540e+001
1.360919e+003,6.370460e+001
1.361883e+003,6.635174e+001
1.362847e+003,6.758866e+001
1.363812e+003,6.969016e+001
1.364776e+003,7.471492e+001
1.365740e+003,8.239784e+001
1.366704e+003,9.156577e+001
1.367668e+003,1.001696e+002
1.368633e+003,1.058624e+002
1.369597e+003,1.084794e+002
1.370561e+003,1.109816e+002
1.371525e+003,1.150223e+002
1.372490e+003,1.194838e+002
1.373454e+003,1.229291e+002
1.374418e+003,1.254837e+002
1.375382e+003,1.268664e+002
1.376346e+003,1.255928e+002
1.377311e+003,1.219399e+002
1.378275e+003,1.178551e+002
1.379239e+003,1.136725e+002
1.380203e+003,1.087171e+002
1.381168e+003,1.046844e+002
1.382132e+003,1.031848e+002
1.383096e+003,1.037920e+002
1.384060e+003,1.037346e+002
1.385025e+003,1.000312e+002
1.385989e+003,9.052576e+001
1.386953e+003,7.694258e+001
1.387917e+003,6.334661e+001
1.388882e+003,5.376290e+001
1.389846e+003,4.873151e+001
1.390810e+003,4.719027e+001
1.391774e+003,4.872137e+001
1.392739e+003,5.141643e+001
1.393703e+003,5.293470e+001
1.394667e+003,5.402917e+001
1.395631e+003,5.616813e+001
1.396595e+003,5.803568e+001
1.397560e+003,5.833150e+001
1.398524e+003,5.803144e+001
1.399488e+003,5.939798e+001
1.400452e+003,6.302012e+001
1.401417e+003,6.840646e+001
1.402381e+003,7.514614e+001
1.403345e+003,8.239490e+001
1.404309e+003,8.837151e+001
1.405273e+003,9.295792e+001
1.406238e+003,9.718183e+001
1.407202e+003,1.010807e+002
1.408166e+003,1.039048e+002
1.409130e+003,1.052508e+002
1.410095e+003,1.055097e+002
1.411059e+003,1.050977e+002
1.412023e+003,1.043041e+002
1.412987e+003,1.033224e+002
1.413952e+003,1.020904e+002
1.414916e+003,1.002508e+002
1.415880e+003,9.776326e+001
1.416844e+003,9.463072e+001
1.417809e+003,9.205070e+001
1.418773e+003,9.122085e+001
1.419737e+003,9.160413e+001
1.420701e+003,9.109407e+001
1.421666e+003,8.855060e+001
1.422630e+003,8.419473e+001
1.423594e+003,7.866209e+001
1.424558e+003,7.295512e+001
1.425522e+003,6.927988e+001
1.426487e+003,6.980875e+001
1.427451e+003,7.453773e+001
1.428415e+003,8.222218e+001
1.429379e+003,9.256259e+001
1.430344e+003,1.048953e+002
1.431308e+003,1.154812e+002
1.432272e+003,1.218098e+002
1.433236e+003,1.243328e+002
1.434200e+003,1.248516e+002
1.435165e+003,1.250427e+002
1.436129e+003,1.264123e+002
1.437093e+003,1.303655e+002
1.438057e+003,1.372121e+002
1.439022e+003,1.434459e+002
1.439986e+003,1.459100e+002
1.440950e+003,1.435620e+002
1.441914e+003,1.403049e+002
1.442879e+003,1.396130e+002
1.443843e+003,1.418687e+002
1.444807e+003,1.464854e+002
1.445771e+003,1.526434e+002
1.446736e+003,1.569374e+002
1.447700e+003,1.562027e+002
1.448664e+003,1.509700e+002
1.449628e+003,1.463655e+002
1.450593e+003,1.446020e+002
1.451557e+003,1.448448e+002
1.452521e+003,1.451150e+002
1.453485e+003,1.433191e+002
1.454449e+003,1.380466e+002
1.455414e+003,1.305770e+002
1.456378e+003,1.232999e+002
1.457342e+003,1.172961e+002
1.458306e+003,1.125642e+002
1.459271e+003,1.076876e+002
1.460235e+003,1.008638e+002
1.461199e+003,9.261282e+001
1.462163e+003,8.552944e+001
1.463127e+003,8.143217e+001
1.464092e+003,8.059568e+001
1.465056e+003,8.245178e+001
1.466020e+003,8.588621e+001
1.466984e+003,8.866843e+001
1.467949e+003,8.746849e+001
1.468913e+003,8.209576e+001
1.469877e+003,7.428957e+001
1.470841e+003,6.541312e+001
1.471806e+003,5.697913e+001
1.472770e+003,5.088337e+001
1.473734e+003,4.847948e+001
1.474698e+003,4.995339e+001
1.475663e+003,5.287691e+001
1.476627e+003,5.453361e+001
1.477591e+003,5.327210e+001
1.478555e+003,4.977196e+001
1.479520e+003,4.551914e+001
1.480484e+003,4.167223e+001
1.481448e+003,3.841614e+001
1.482412e+003,3.638474e+001
1.483376e+003,3.640619e+001
1.484341e+003,3.714258e+001
1.485305e+003,3.696824e+001
1.486269e+003,3.581528e+001
1.487233e+003,3.485748e+001
1.488198e+003,3.470842e+001
1.489162e+003,3.468860e+001
1.490126e+003,3.455592e+001
1.491090e+003,3.515925e+001
1.492054e+003,3.764131e+001
1.493019e+003,4.091238e+001
1.493983e+003,4.222527e+001
1.494947e+003,4.119429e+001
1.495911e+003,3.954934e+001
1.496876e+003,3.866779e+001
1.497840e+003,3.781091e+001
1.498804e+003,3.663082e+001
1.499768e+003,3.641865e+001
1.500733e+003,3.699911e+001
1.501697e+003,3.642151e+001
1.502661e+003,3.343856e+001
1.503625e+003,2.969306e+001
1.504590e+003,2.748419e+001
1.505554e+003,2.680852e+001
1.506518e+003,2.643290e+001
1.507482e+003,2.565570e+001
1.508447e+003,2.485779e+001
1.509411e+003,2.408566e+001
1.510375e+003,2.267738e+001
1.511339e+003,2.119476e+001
1.512303e+003,2.089105e+001
1.513268e+003,2.242007e+001
1.514232e+003,2.490796e+001
1.515196e+003,2.737343e+001
1.516160e+003,2.962835e+001
1.517125e+003,3.144691e+001
1.518089e+003,3.261554e+001
1.519053e+003,3.306307e+001
1.520017e+003,3.276334e+001
1.520981e+003,3.199270e+001
1.521946e+003,3.179753e+001
1.522910e+003,3.264855e+001
1.523874e+003,3.469040e+001
1.524838e+003,3.746807e+001
1.525803e+003,3.917331e+001
1.526767e+003,3.748828e+001
1.527731e+003,3.327813e+001
1.528695e+003,2.931783e+001
1.529660e+003,2.746622e+001
1.530624e+003,2.684312e+001
1.531588e+003,2.700904e+001
1.532552e+003,2.925799e+001
1.533517e+003,3.260121e+001
1.534481e+003,3.556561e+001
1.535445e+003,3.934034e+001
1.536409e+003,4.375391e+001
1.537374e+003,4.583441e+001
1.538338e+003,4.382500e+001
1.539302e+003,3.918350e+001
1.540266e+003,3.504570e+001
1.541230e+003,3.185423e+001
1.542195e+003,2.995384e+001
1.543159e+003,2.891733e+001
1.544123e+003,2.734838e+001
1.545087e+003,2.539154e+001
1.546052e+003,2.562378e+001
1.547016e+003,2.926848e+001
1.547980e+003,3.553510e+001
1.548944e+003,4.200957e+001
1.549908e+003,4.664488e+001
1.550873e+003,4.786168e+001
1.551837e+003,4.583228e+001
1.552801e+003,4.250095e+001
1.553765e+003,4.002974e+001
1.554730e+003,3.908476e+001
1.555694e+003,3.987674e+001
1.556658e+003,4.213355e+001
1.557622e+003,4.417131e+001
1.558587e+003,4.435023e+001
1.559551e+003,4.237847e+001
1.560515e+003,3.943163e+001
1.561479e+003,3.663435e+001
1.562444e+003,3.367772e+001
1.563408e+003,3.096045e+001
1.564372e+003,2.964927e+001
1.565336e+003,2.965874e+001
1.566301e+003,3.068806e+001
1.567265e+003,3.319238e+001
1.568229e+003,3.749404e+001
1.569193e+003,4.241438e+001
1.570157e+003,4.575838e+001
1.571122e+003,4.660646e+001
1.572086e+003,4.534878e+001
1.573050e+003,4.250131e+001
1.574014e+003,3.898814e+001
1.574979e+003,3.611330e+001
1.575943e+003,3.451411e+001
1.576907e+003,3.457221e+001
1.577871e+003,3.643839e+001
1.578835e+003,3.893276e+001
1.579800e+003,4.051115e+001
1.580764e+003,4.055698e+001
1.581728e+003,4.029341e+001
1.582692e+003,4.055465e+001
1.583657e+003,4.126545e+001
1.584621e+003,4.239780e+001
1.585585e+003,4.371367e+001
1.586549e+003,4.384617e+001
1.587514e+003,4.297020e+001
1.588478e+003,4.243122e+001
1.589442e+003,4.248759e+001
1.590406e+003,4.064959e+001
1.591371e+003,3.687186e+001
1.592335e+003,3.376302e+001
1.593299e+003,3.258132e+001
1.594263e+003,3.307155e+001
1.595228e+003,3.599837e+001
1.596192e+003,4.080297e+001
1.597156e+003,4.493661e+001
1.598120e+003,4.658689e+001
1.599084e+003,4.755635e+001
1.600049e+003,4.991587e+001
1.601013e+003,5.294153e+001
1.601977e+003,5.566447e+001
1.602941e+003,5.797024e+001
1.603906e+003,5.930656e+001
1.604870e+003,5.873812e+001
1.605834e+003,5.680198e+001
1.606798e+003,5.408076e+001
1.607762e+003,5.058822e+001
1.608727e+003,4.717450e+001
1.609691e+003,4.590206e+001
1.610655e+003,4.608941e+001
1.611619e+003,4.531950e+001
1.612584e+003,4.235302e+001
1.613548e+003,3.798330e+001
1.614512e+003,3.281330e+001
1.615476e+003,2.686809e+001
1.616441e+003,2.185177e+001
1.617405e+003,1.943878e+001
1.618369e+003,1.851240e+001
1.619333e+003,1.888506e+001
1.620298e+003,2.213400e+001
1.621262e+003,2.729988e+001
1.622226e+003,3.190627e+001
1.623190e+003,3.345531e+001
1.624155e+003,3.128888e+001
1.625119e+003,2.630408e+001
1.626083e+003,2.083121e+001
1.627047e+003,1.717726e+001
1.628011e+003,1.568509e+001
1.628976e+003,1.421470e+001
1.629940e+003,1.299388e+001
1.630904e+003,1.246482e+001
1.631868e+003,1.287923e+001
1.632833e+003,1.470267e+001
1.633797e+003,1.837287e+001
1.634761e+003,2.283167e+001
1.635725e+003,2.565321e+001
1.636689e+003,2.517465e+001
1.637654e+003,2.235079e+001
1.638618e+003,1.819551e+001
1.639582e+003,1.384679e+001
1.640546e+003,1.129977e+001
1.641511e+003,1.146792e+001
1.642475e+003,1.364578e+001
1.643439e+003,1.587864e+001
1.644403e+003,1.744184e+001
1.645368e+003,1.862250e+001
1.646332e+003,1.884233e+001
1.647296e+003,1.751904e+001
1.648260e+003,1.610412e+001
1.649225e+003,1.617761e+001
1.650189e+003,1.717152e+001
1.651153e+003,1.786233e+001
1.652117e+003,1.835319e+001
1.653082e+003,1.832045e+001
1.654046e+003,1.610059e+001
1.655010e+003,1.306440e+001
1.655974e+003,1.129593e+001
1.656938e+003,1.147499e+001
1.657903e+003,1.193645e+001
1.658867e+003,1.187412e+001
1.659831e+003,1.151904e+001
1.660795e+003,1.035448e+001
1.661760e+003,8.009660e+000
1.662724e+003,6.771089e+000
1.663688e+003,8.200222e+000
1.664652e+003,1.118485e+001
1.665616e+003,1.382092e+001
1.666581e+003,1.583652e+001
1.667545e+003,1.747130e+001
1.668509e+003,1.837217e+001
1.669473e+003,1.751704e+001
1.670438e+003,1.498461e+001
1.671402e+003,1.285582e+001
1.672366e+003,1.245308e+001
1.673330e+003,1.400610e+001
1.674295e+003,1.761202e+001
1.675259e+003,2.280961e+001
1.676223e+003,2.851400e+001
1.677187e+003,3.301730e+001
1.678152e+003,3.298972e+001
1.679116e+003,2.824689e+001
1.680080e+003,2.158249e+001
1.681044e+003,1.582944e+001
1.682009e+003,1.389284e+001
1.682973e+003,1.760457e+001
1.683937e+003,2.550580e+001
1.684901e+003,3.466009e+001
1.685865e+003,3.980805e+001
1.686830e+003,3.838484e+001
1.687794e+003,3.188292e+001
1.688758e+003,2.405320e+001
1.689722e+003,1.842051e+001
1.690687e+003,1.689018e+001
1.691651e+003,1.857895e+001
1.692615e+003,2.228544e+001
1.693579e+003,2.612986e+001
1.694543e+003,2.829665e+001
1.695508e+003,2.890354e+001
1.696472e+003,2.906389e+001
1.697436e+003,2.861013e+001
1.698400e+003,2.717233e+001
1.699365e+003,2.469821e+001
1.700329e+003,2.196142e+001
1.701293e+003,2.024904e+001
1.702257e+003,2.016251e+001
1.703222e+003,2.137978e+001
1.704186e+003,2.293313e+001
1.705150e+003,2.358789e+001
1.706114e+003,2.244942e+001
1.707079e+003,1.977786e+001
1.708043e+003,1.658219e+001
1.709007e+003,1.394516e+001
1.709971e+003,1.208674e+001
1.710936e+003,1.075955e+001
1.711900e+003,9.554226e+000
1.712864e+003,8.211915e+000
1.713828e+003,6.950447e+000
1.714792e+003,6.351398e+000
1.715757e+003,6.052534e+000
1.716721e+003,5.884649e+000
1.717685e+003,6.751698e+000
1.718649e+003,8.765791e+000
1.719614e+003,1.092066e+001
1.720578e+003,1.244271e+001
1.721542e+003,1.345191e+001
1.722506e+003,1.380812e+001
1.723470e+003,1.214987e+001
1.724435e+003,8.149523e+000
1.725399e+003,4.582980e+000
1.726363e+003,4.250895e+000
1.727327e+003,6.761627e+000
1.728292e+003,1.067519e+001
1.729256e+003,1.498296e+001
1.730220e+003,1.770887e+001
1.731184e+003,1.702279e+001
1.732149e+003,1.377813e+001
1.733113e+003,1.063158e+001
1.734077e+003,8.792240e+000
1.735041e+003,6.771520e+000
1.736005e+003,6.370938e+000
1.736970e+003,8.444284e+000
1.737934e+003,1.127229e+001
1.738898e+003,1.386561e+001
1.739862e+003,1.639157e+001
1.740827e+003,1.748279e+001
1.741791e+003,1.616668e+001
1.742755e+003,1.358583e+001
1.743719e+003,1.299230e+001
1.744684e+003,1.361397e+001
1.745648e+003,1.399946e+001
1.746612e+003,1.386013e+001
1.747576e+003,1.308997e+001
1.748541e+003,1.154330e+001
1.749505e+003,1.079045e+001
1.750469e+003,1.209449e+001
1.751433e+003,1.489060e+001
1.752397e+003,1.797422e+001
1.753362e+003,2.183928e+001
1.754326e+003,2.722890e+001
1.755290e+003,3.424698e+001
1.756254e+003,4.169862e+001
1.757219e+003,4.812808e+001
1.758183e+003,5.304845e+001
1.759147e+003,5.788628e+001
1.760111e+003,6.350674e+001
1.761075e+003,6.975160e+001
1.762040e+003,7.616251e+001
1.763004e+003,8.206091e+001
1.763968e+003,8.618872e+001
1.764932e+003,8.837357e+001
1.765897e+003,8.978191e+001
1.766861e+003,9.228401e+001
1.767825e+003,9.626660e+001
1.768789e+003,9.924294e+001
1.769754e+003,9.871228e+001
1.770718e+003,9.562106e+001
1.771682e+003,9.223080e+001
1.772646e+003,8.967802e+001
1.773611e+003,8.752232e+001
1.774575e+003,8.535341e+001
1.775539e+003,8.242588e+001
1.776503e+003,7.629808e+001
1.777468e+003,6.599701e+001
1.778432e+003,5.467049e+001
1.779396e+003,4.690652e+001
1.780360e+003,4.345840e+001
1.781324e+003,4.077419e+001
1.782289e+003,3.535543e+001
1.783253e+003,2.839600e+001
1.784217e+003,2.127931e+001
1.785181e+003,1.459421e+001
1.786146e+003,9.651488e+000
1.787110e+003,8.162362e+000
1.788074e+003,8.494090e+000
1.789038e+003,8.002340e+000
1.790002e+003,6.418602e+000
1.790967e+003,6.093853e+000
1.791931e+003,5.962780e+000
1.792895e+003,5.773454e+000
1.793859e+003,6.563732e+000
1.794824e+003,8.088495e+000
1.795788e+003,9.044376e+000
1.796752e+003,1.014453e+001
1.797716e+003,1.240815e+001
1.798681e+003,1.486300e+001
1.799645e+003,1.551601e+001
1.800609e+003,1.488659e+001
1.801573e+003,1.440683e+001
1.802538e+003,1.423098e+001
1.803502e+003,1.484209e+001
1.804466e+003,1.732104e+001
1.805430e+003,2.004696e+001
1.806395e+003,1.916266e+001
1.807359e+003,1.571805e+001
1.808323e+003,1.357480e+001
1.809287e+003,1.363479e+001
1.810251e+003,1.379319e+001
1.811216e+003,1.454852e+001
1.812180e+003,1.643754e+001
1.813144e+003,1.719951e+001
1.814108e+003,1.546237e+001
1.815073e+003,1.491086e+001
1.816037e+003,1.671769e+001
1.817001e+003,1.868840e+001
1.817965e+003,1.765228e+001
1.818929e+003,1.318422e+001
1.819894e+003,7.538067e+000
1.820858e+003,3.647598e+000
1.821822e+003,2.469956e+000
1.822786e+003,3.254027e+000
1.823751e+003,3.872432e+000
1.824715e+003,3.867639e+000
1.825679e+003,4.208477e+000
1.826643e+003,6.812274e+000
1.827608e+003,1.200786e+001
1.828572e+003,1.607024e+001
1.829536e+003,1.634026e+001
1.830500e+003,1.463966e+001
1.831465e+003,1.266643e+001
1.832429e+003,1.061754e+001
1.833393e+003,9.857703e+000
1.834357e+003,1.175240e+001
1.835322e+003,1.409536e+001
1.836286e+003,1.349675e+001
1.837250e+003,1.109887e+001
1.838214e+003,1.008868e+001
1.839178e+003,1.090410e+001
1.840143e+003,1.200849e+001
1.841107e+003,1.254749e+001
1.842071e+003,1.246846e+001
1.843035e+003,1.198511e+001
1.844000e+003,1.159216e+001
1.844964e+003,1.171421e+001
1.845928e+003,1.259099e+001
1.846892e+003,1.408864e+001
1.847856e+003,1.579532e+001
1.848821e+003,1.791253e+001
1.849785e+003,2.017126e+001
1.850749e+003,2.169614e+001
1.851713e+003,2.193520e+001
1.852678e+003,2.054971e+001
1.853642e+003,1.755190e+001
1.854606e+003,1.337387e+001
1.855570e+003,9.128160e+000
1.856535e+003,6.446538e+000
1.857499e+003,5.710644e+000
1.858463e+003,7.051051e+000
1.859427e+003,1.021555e+001
1.860392e+003,1.351831e+001
1.861356e+003,1.513128e+001
1.862320e+003,1.514477e+001
1.863284e+003,1.427965e+001
1.864249e+003,1.326353e+001
1.865213e+003,1.256658e+001
1.866177e+003,1.272085e+001
1.867141e+003,1.342040e+001
1.868105e+003,1.289956e+001
1.869070e+003,9.566384e+000
1.870034e+003,5.121529e+000
1.870998e+003,3.532043e+000
1.871962e+003,5.600366e+000
1.872927e+003,9.653908e+000
1.873891e+003,1.375873e+001
1.874855e+003,1.649274e+001
1.875819e+003,1.646674e+001
1.876783e+003,1.264967e+001
1.877748e+003,6.986252e+000
1.878712e+003,4.238827e+000
1.879676e+003,5.695282e+000
1.880640e+003,9.329838e+000
1.881605e+003,1.356667e+001
1.882569e+003,1.741122e+001
1.883533e+003,2.000008e+001
1.884497e+003,2.047322e+001
1.885462e+003,1.916050e+001
1.886426e+003,1.751432e+001
1.887390e+003,1.640689e+001
1.888354e+003,1.520636e+001
1.889319e+003,1.388057e+001
1.890283e+003,1.269536e+001
1.891247e+003,1.185825e+001
1.892211e+003,1.173773e+001
1.893176e+003,1.290468e+001
1.894140e+003,1.514599e+001
1.895104e+003,1.783377e+001
1.896068e+003,2.003869e+001
1.897032e+003,2.034551e+001
1.897997e+003,1.825688e+001
1.898961e+003,1.600355e+001
1.899925e+003,1.484894e+001
1.900889e+003,1.434752e+001
1.901854e+003,1.350514e+001
1.902818e+003,1.250618e+001
1.903782e+003,1.116589e+001
1.904746e+003,9.269431e+000
1.905710e+003,7.689721e+000
1.906675e+003,8.175098e+000
1.907639e+003,9.742672e+000
1.908603e+003,1.110816e+001
1.909567e+003,1.183003e+001
1.910532e+003,1.207390e+001
1.911496e+003,1.153056e+001
1.912460e+003,1.107702e+001
1.913424e+003,1.153241e+001
1.914389e+003,1.235279e+001
1.915353e+003,1.279423e+001
1.916317e+003,1.403691e+001
1.917281e+003,1.781090e+001
1.918246e+003,2.273921e+001
1.919210e+003,2.594231e+001
1.920174e+003,2.701545e+001
1.921138e+003,2.779851e+001
1.922103e+003,2.789625e+001
1.923067e+003,2.548456e+001
1.924031e+003,2.135049e+001
1.924995e+003,1.923448e+001
1.925959e+003,1.910141e+001
1.926924e+003,1.870504e+001
1.927888e+003,1.778009e+001
1.928852e+003,1.674693e+001
1.929816e+003,1.346576e+001
1.930781e+003,1.072957e+001
1.931745e+003,1.103418e+001
1.932709e+003,1.467229e+001
1.933673e+003,1.919589e+001
1.934637e+003,2.339959e+001
1.935602e+003,2.661408e+001
1.936566e+003,2.646618e+001
1.937530e+003,2.217714e+001
1.938494e+003,1.898727e+001
1.939459e+003,1.829136e+001
1.940423e+003,1.795341e+001
1.941387e+003,1.667970e+001
1.942351e+003,1.569757e+001
1.943316e+003,1.537854e+001
1.944280e+003,1.532961e+001
1.945244e+003,1.600368e+001
1.946208e+003,1.769769e+001
1.947173e+003,2.014432e+001
1.948137e+003,2.182706e+001
1.949101e+003,1.998193e+001
1.950065e+003,1.550601e+001
1.951030e+003,1.235732e+001
1.951994e+003,1.281244e+001
1.952958e+003,1.465090e+001
1.953922e+003,1.656672e+001
1.954886e+003,1.861491e+001
1.955851e+003,1.981975e+001
1.956815e+003,1.820426e+001
1.957779e+003,1.585629e+001
1.958743e+003,1.538077e+001
1.959708e+003,1.614822e+001
1.960672e+003,1.589658e+001
1.961636e+003,1.568875e+001
1.962600e+003,1.642555e+001
1.963564e+003,1.815350e+001
1.964529e+003,2.029828e+001
1.965493e+003,2.204132e+001
1.966457e+003,2.315413e+001
1.967421e+003,2.420698e+001
1.968386e+003,2.467638e+001
1.969350e+003,2.377269e+001
1.970314e+003,2.222511e+001
1.971278e+003,2.179863e+001
1.972243e+003,2.218557e+001
1.973207e+003,2.278492e+001
1.974171e+003,2.426085e+001
1.975135e+003,2.647741e+001
1.976100e+003,2.746699e+001
1.977064e+003,2.649253e+001
1.978028e+003,2.528770e+001
1.978992e+003,2.529893e+001
1.979957e+003,2.549543e+001
1.980921e+003,2.490392e+001
1.981885e+003,2.379753e+001
1.982849e+003,2.290725e+001
1.983813e+003,2.256863e+001
1.984778e+003,2.292639e+001
1.985742e+003,2.403070e+001
1.986706e+003,2.572775e+001
1.987670e+003,2.719923e+001
1.988635e+003,2.740700e+001
1.989599e+003,2.653448e+001
1.990563e+003,2.530437e+001
1.991527e+003,2.436023e+001
1.992491e+003,2.446536e+001
1.993456e+003,2.588260e+001
1.994420e+003,2.878847e+001
1.995384e+003,3.222749e+001
1.996348e+003,3.398865e+001
1.997313e+003,3.578010e+001
1.998277e+003,3.190078e+001
1.999241e+003,2.372214e+001
2.000205e+003,1.837665e+001
